0.88303 0.487115 0 1
0.0461412 0.415924 1 0
0.193583 0.177234 1 0
0.425102 0.799537 0 1
0.670504 0.994633 0 1
0.0114475 0.341485 1 0
0.195773 0.192986 1 0
0.993481 0.51481 0 1
0.00367961 0.531248 0 1
0.372033 0.0993874 1 0
0.952071 0.0360483 0 1
0.610038 0.37815 0 1
0.483041 0.463518 1 0
0.976362 0.52231 0 1
0.7731 0.568811 0 1
0.359939 0.65613 0 1
0.0559259 0.40608 1 0
0.0720537 0.249509 1 0
0.583314 0.497156 0 1
0.0490454 0.253818 1 0
0.491789 0.0604929 1 0
0.595304 0.687561 0 1
0.253478 0.588785 0 1
0.202371 0.257158 1 0
0.120033 0.574404 0 1
0.356545 0.0721046 1 0
0.610452 0.966583 0 1
0.450255 0.0934932 1 0
0.430101 0.426618 1 0
0.615803 0.203201 0 1
0.995429 0.975742 0 1
0.859331 0.0513549 0 1
0.381821 0.931384 0 1
0.300864 0.965135 0 1
0.42854 0.349909 1 0
0.218954 0.920329 0 1
0.410402 0.814257 0 1
0.60789 0.66388 0 1
0.403042 0.810261 0 1
0.921038 0.523075 0 1
0.384665 0.277584 1 0
0.59518 0.995117 0 1
0.244166 0.0454351 1 0
0.0886107 0.674267 0 1
0.472053 0.704414 0 1
0.877468 0.467482 0 1
0.680155 0.736799 0 1
0.518837 0.0619766 0 1
0.668183 0.8197 0 1
0.0271119 0.0967232 1 0
0.169609 0.246066 1 0
0.0170518 0.580011 0 1
0.0603227 0.624942 0 1
0.243891 0.463365 1 0
0.435203 0.164929 1 0
0.98644 0.819868 0 1
0.442513 0.58162 0 1
0.814986 0.686679 0 1
0.627055 0.903597 0 1
0.360946 0.0991079 1 0
0.60801 0.238414 0 1
0.56659 0.288166 0 1
0.975213 0.085426 0 1
0.350142 0.643396 0 1
0.905126 0.377254 0 1
0.740119 0.0747352 0 1
0.623319 0.757171 0 1
0.654746 0.683642 0 1
0.382113 0.898637 0 1
0.147007 0.817316 0 1
0.0635664 0.133447 1 0
0.637184 0.506079 0 1
0.715067 0.45217 0 1
0.192758 0.342123 1 0
0.355767 0.553705 0 1
0.441231 0.963777 0 1
0.792119 0.00782006 0 1
0.251942 0.767332 0 1
0.0932461 0.602085 0 1
0.410728 0.998372 0 1
0.979339 0.150848 0 1
0.0731074 0.602658 0 1
0.908019 0.727853 0 1
0.2863 0.290132 1 0
0.626491 0.433307 0 1
0.107448 0.690057 0 1
0.566754 0.744632 0 1
0.196136 0.281822 1 0
0.196802 0.388895 1 0
0.623944 0.552569 0 1
0.942599 0.065175 0 1
0.516346 0.734718 0 1
0.0729951 0.768288 0 1
0.50205 0.166241 0 1
0.370373 0.912779 0 1
0.164613 0.349711 1 0
0.0636261 0.237721 1 0
0.952369 0.971645 0 1
0.965574 0.238669 0 1
0.261776 0.592065 0 1
0.671976 0.369224 0 1
0.282122 0.238731 1 0
0.113856 0.478258 1 0
0.520553 0.310658 0 1
0.867153 0.144497 0 1
0.863226 0.809752 0 1
0.209672 0.379572 1 0
0.544471 0.282667 0 1
0.14786 0.0465212 1 0
0.448908 0.518232 0 1
0.9593 0.613522 0 1
0.867943 0.0229259 0 1
0.851243 0.820313 0 1
0.994571 0.816817 0 1
0.0589817 0.256347 1 0
0.408882 0.730958 0 1
0.625571 0.691004 0 1
0.969689 0.739427 0 1
0.169262 0.490242 1 0
0.0500841 0.0364146 1 0
0.634739 0.91331 0 1
0.846167 0.844411 0 1
0.292882 0.390638 1 0
0.127078 0.440742 1 0
0.437159 0.575986 0 1
0.958974 0.396459 0 1
0.189508 0.826918 0 1
0.419385 0.0407507 1 0
0.64723 0.413955 0 1
0.857567 0.706212 0 1
0.670302 0.266449 0 1
0.43717 0.295873 1 0
0.957453 0.406859 0 1
0.0352996 0.126714 1 0
0.8971 0.0853837 0 1
0.163129 0.531839 0 1
0.998694 0.00929605 0 1
0.37625 0.291576 1 0
0.399934 0.503328 0 1
0.732318 0.837093 0 1
0.0793143 0.691292 0 1
0.233551 0.268822 1 0
0.518209 0.652936 0 1
0.309573 0.16544 1 0
0.0668914 0.167141 1 0
0.871651 0.737194 0 1
0.43359 0.308822 1 0
0.0330668 0.391042 1 0
0.71568 0.0683665 0 1
0.517757 0.612781 0 1
0.15375 0.680886 0 1
0.14462 0.152444 1 0
0.690182 0.52087 0 1
0.44402 0.0901157 1 0
0.0241979 0.176338 1 0
0.927208 0.103512 0 1
0.86763 0.16076 0 1
0.372335 0.385839 1 0
0.813696 0.681908 0 1
0.551279 0.880587 0 1
0.849048 0.42293 0 1
0.617781 0.282638 0 1
0.731752 0.650848 0 1
0.67368 0.447432 0 1
0.719214 0.191437 0 1
0.0602131 0.872965 0 1
0.872323 0.204833 0 1
0.0254088 0.562505 0 1
0.725703 0.469429 0 1
0.65262 0.749901 0 1
0.645767 0.579829 0 1
0.853413 0.513396 0 1
0.740589 0.225748 0 1
0.899236 0.554285 0 1
0.907656 0.450514 0 1
0.434872 0.756704 0 1
0.873444 0.0526531 0 1
0.039342 0.605196 0 1
0.703501 0.713022 0 1
0.0526284 0.422715 1 0
0.904459 0.112842 0 1
0.29568 0.776782 0 1
0.317675 0.321089 1 0
0.339287 0.043378 1 0
0.790518 0.991907 0 1
0.793279 0.436285 0 1
0.571736 0.646692 0 1
0.949681 0.312324 0 1
0.87244 0.848917 0 1
0.866609 0.780096 0 1
0.299431 0.301481 1 0
0.5368 0.172875 0 1
0.354134 0.576142 0 1
0.778072 0.057635 0 1
0.289164 0.8307 0 1
0.48035 0.193623 1 0
0.943541 0.776031 0 1
0.970405 0.261216 0 1
0.0971196 0.309692 1 0
0.304594 0.887637 0 1
0.301599 0.0978732 1 0
0.323922 0.873335 0 1
0.744566 0.273603 0 1
0.185659 0.617006 0 1
0.12252 0.0522676 1 0
0.397102 0.42195 1 0
0.353748 0.933902 0 1
0.594826 0.707882 0 1
0.510044 0.372897 0 1
0.765517 0.799208 0 1
0.203597 0.245868 1 0
0.992831 0.147139 0 1
0.0218984 0.963236 0 1
0.408355 0.119018 1 0
0.272928 0.712949 0 1
0.00665545 0.574527 0 1
0.810822 0.330578 0 1
0.447862 0.555388 0 1
0.604181 0.63352 0 1
0.172394 0.7267 0 1
0.685788 0.569495 0 1
0.148651 0.0395365 1 0
0.503397 0.743476 0 1
0.747419 0.0134411 0 1
0.116374 0.512936 0 1
0.812649 0.319971 0 1
0.758804 0.80548 0 1
0.467109 0.780702 0 1
0.768717 0.875464 0 1
0.89972 0.0416451 0 1
0.588413 0.906376 0 1
0.616172 0.399235 0 1
0.236953 0.064034 1 0
0.954623 0.841134 0 1
0.697554 0.127016 0 1
0.567834 0.383343 0 1
0.696512 0.716485 0 1
0.422879 0.199909 1 0
0.459961 0.170298 1 0
0.21335 0.576335 0 1
0.683234 0.0259994 0 1
0.896305 0.442038 0 1
0.83148 0.363414 0 1
0.222741 0.600196 0 1
0.238878 0.122461 1 0
0.641842 0.827291 0 1
0.0288369 0.258014 1 0
0.226526 0.26579 1 0
0.322048 0.181149 1 0
0.106924 0.0196024 1 0
0.308166 0.674758 0 1
0.402945 0.00467773 1 0
0.391243 0.825824 0 1
0.204587 0.851204 0 1
0.996122 0.417937 0 1
0.427539 0.679356 0 1
0.443937 0.323844 1 0
0.121395 0.275416 1 0
0.687259 0.344135 0 1
0.875613 0.926137 0 1
0.466596 0.517454 0 1
0.753429 0.495433 0 1
0.775468 0.979955 0 1
0.761223 0.0975163 0 1
0.161104 0.868147 0 1
0.117119 0.46927 1 0
0.542906 0.520064 0 1
0.473948 0.934149 0 1
0.345888 0.678535 0 1
0.785353 0.34201 0 1
0.0964721 0.212892 1 0
0.0213661 0.540409 0 1
0.536736 0.142761 0 1
0.815825 0.223995 0 1
0.486896 0.691438 0 1
0.150132 0.953492 0 1
0.208892 0.90356 0 1
0.448925 0.984361 0 1
0.883515 0.210148 0 1
0.0818768 0.0446198 1 0
0.0782955 0.198996 1 0
0.51389 0.621201 0 1
0.719059 0.987838 0 1
0.55535 0.0649469 0 1
0.666373 0.340703 0 1
0.406957 0.762845 0 1
0.553595 0.428323 0 1
0.303253 0.0903315 1 0
0.571083 0.119079 0 1
0.314326 0.057979 1 0
0.810516 0.464458 0 1
0.0114709 0.0194085 1 0
0.368019 0.460396 1 0
0.00376909 0.251534 1 0
0.670544 0.0856459 0 1
0.296154 0.748839 0 1
0.284641 0.810044 0 1
0.370041 0.0037007 1 0
0.797882 0.925391 0 1
0.0686476 0.464254 1 0
0.266094 0.475604 1 0
0.227099 0.819689 0 1
0.903927 0.530353 0 1
0.910021 0.47501 0 1
0.649431 0.224347 0 1
0.532989 0.459947 0 1
0.688806 0.54446 0 1
0.479356 0.0568243 1 0
0.00485619 0.483125 1 0
0.308359 0.6754 0 1
0.568771 0.604513 0 1
0.424239 0.853413 0 1
0.414556 0.79428 0 1
0.857113 0.212438 0 1
0.719671 0.925761 0 1
0.676693 0.985765 0 1
0.401365 0.903792 0 1
0.805454 0.305292 0 1
0.434145 0.715475 0 1
0.780303 0.0835757 0 1
0.939822 0.313292 0 1
0.543523 0.628628 0 1
0.857753 0.0228792 0 1
0.685452 0.862609 0 1
0.506004 0.993811 0 1
0.538009 0.0747754 0 1
0.598323 0.962249 0 1
0.928188 0.0128797 0 1
0.756529 0.785301 0 1
0.225318 0.4762 1 0
0.711062 0.902011 0 1
0.461964 0.112427 1 0
0.805803 0.267419 0 1
0.41772 0.239947 1 0
0.982894 0.198022 0 1
0.323523 0.922716 0 1
0.511315 0.867046 0 1
0.551344 0.369068 0 1
0.889925 0.236797 0 1
0.231677 0.39593 1 0
0.230607 0.769686 0 1
0.470705 0.828931 0 1
0.731934 0.398893 0 1
0.84181 0.488463 0 1
0.184194 0.0671283 1 0
0.964662 0.895256 0 1
0.969139 0.426627 0 1
0.00768342 0.774942 0 1
0.694046 0.425403 0 1
0.0148888 0.67694 0 1
0.623426 0.338412 0 1
0.599656 0.13474 0 1
0.205458 0.151 1 0
0.503808 0.0953831 0 1
0.387797 0.735485 0 1
0.491313 0.618404 0 1
0.50517 0.962018 0 1
0.447335 0.237104 1 0
0.360911 0.289145 1 0
0.725567 0.545105 0 1
0.356274 0.690229 0 1
0.440361 0.325413 1 0
0.116856 0.448045 1 0
0.100354 0.810901 0 1
0.873448 0.115243 0 1
0.487841 0.496873 1 0
0.453655 0.0874968 1 0
0.631614 0.659113 0 1
0.238497 0.135422 1 0
0.754496 0.626294 0 1
0.870906 0.245808 0 1
0.244699 0.376076 1 0
0.207826 0.692034 0 1
0.61318 0.568737 0 1
0.981179 0.338747 0 1
0.113842 0.337453 1 0
0.028976 0.554203 0 1
0.662865 0.145832 0 1
0.00224768 0.76322 0 1
0.956733 0.875695 0 1
0.878463 0.444574 0 1
0.372568 0.332118 1 0
0.532071 0.004182 0 1
0.99123 0.770568 0 1
0.139604 0.745726 0 1
0.396862 0.0105096 1 0
0.991534 0.64156 0 1
0.386586 0.199361 1 0
0.333594 0.999766 0 1
0.768098 0.314773 0 1
0.338513 0.88194 0 1
0.652226 0.367489 0 1
0.436143 0.315091 1 0
0.513321 0.43839 0 1
0.0783109 0.470054 1 0
0.314086 0.956774 0 1
0.914627 0.686654 0 1
0.288892 0.446698 1 0
0.690836 0.280122 0 1
0.217266 0.83044 0 1
0.0258476 0.614128 0 1
0.840949 0.0173819 0 1
0.255688 0.227535 1 0
0.216742 0.589282 0 1
0.227301 0.98484 0 1
0.904055 0.565814 0 1
0.86678 0.556281 0 1
0.933303 0.302922 0 1
0.871372 0.446623 0 1
0.741313 0.949683 0 1
0.916677 0.0553985 0 1
0.906456 0.831304 0 1
0.742053 0.195348 0 1
0.278002 0.432889 1 0
0.47547 0.495268 1 0
0.263329 0.501317 0 1
0.109396 0.104278 1 0
0.518699 0.365084 0 1
0.331813 0.735442 0 1
0.954366 0.559114 0 1
0.720281 0.858421 0 1
0.124928 0.587061 0 1
0.414702 0.0582304 1 0
0.889983 0.286074 0 1
0.504854 0.631296 0 1
0.235757 0.421531 1 0
0.686695 0.142213 0 1
0.252835 0.428747 1 0
0.337561 0.530838 0 1
0.861636 0.813031 0 1
0.0261059 0.124965 1 0
0.314348 0.135502 1 0
0.229243 0.833047 0 1
0.500586 0.561056 0 1
0.568489 0.454953 0 1
0.120169 0.28877 1 0
0.313374 0.245097 1 0
0.875831 0.728076 0 1
0.303327 0.765814 0 1
0.0141501 0.808181 0 1
0.397111 0.249907 1 0
0.229712 0.0838052 1 0
0.39212 0.482547 1 0
0.512552 0.72968 0 1
0.0133845 0.374189 1 0
0.542711 0.0394903 0 1
0.499153 0.857059 0 1
0.174992 0.728396 0 1
0.690106 0.675578 0 1
0.289451 0.258594 1 0
0.130531 0.409621 1 0
0.547364 0.443905 0 1
0.654718 0.423195 0 1
0.171981 0.958045 0 1
0.18901 0.186131 1 0
0.766226 0.58612 0 1
0.436038 0.995938 0 1
0.669926 0.828157 0 1
0.478485 0.182478 1 0
0.557838 0.49187 0 1
0.556667 0.100549 0 1
0.53136 0.0558199 0 1
0.957608 0.706352 0 1
0.784216 0.647714 0 1
0.381931 0.0736673 1 0
0.906308 0.512462 0 1
0.483288 0.453673 1 0
0.956367 0.138006 0 1
0.876868 0.128348 0 1
0.0960511 0.065878 1 0
0.314479 0.862278 0 1
0.651998 0.750517 0 1
0.858216 0.321924 0 1
0.578674 0.336701 0 1
0.504402 0.136512 0 1
0.828571 0.0610686 0 1
0.237061 0.359931 1 0
0.116889 0.194669 1 0
0.066283 0.901104 0 1
0.842382 0.448214 0 1
0.974772 0.748691 0 1
0.960675 0.45806 0 1
0.202363 0.917042 0 1
0.596066 0.0792314 0 1
0.04539 0.692117 0 1
0.145109 0.359869 1 0
0.554394 0.797108 0 1
0.110386 0.41261 1 0
0.119032 0.68906 0 1
0.749311 0.623434 0 1
0.825572 0.577882 0 1
0.684502 0.0626329 0 1
0.937812 0.801391 0 1
0.257302 0.00409528 1 0
0.702495 0.0996839 0 1
0.452309 0.677267 0 1
0.848375 0.412984 0 1
0.135327 0.0507378 1 0
0.330027 0.731392 0 1
0.129969 0.375416 1 0
0.423509 0.275079 1 0
0.735286 0.977903 0 1
0.0721866 0.845671 0 1
0.390513 0.191218 1 0
0.534731 0.139824 0 1
0.814652 0.360303 0 1
0.717706 0.499155 0 1
0.422936 0.655518 0 1
0.300546 0.680238 0 1
0.659613 0.00304133 0 1
0.779922 0.111922 0 1
0.680308 0.628296 0 1
0.524907 0.815635 0 1
0.679034 0.854933 0 1
0.547028 0.809003 0 1
0.23035 0.970537 0 1
0.084082 0.965635 0 1
0.94844 0.156269 0 1
0.811307 0.338953 0 1
0.347487 0.346038 1 0
0.478777 0.162139 1 0
0.706341 0.196483 0 1
0.661294 0.129278 0 1
0.852001 0.96184 0 1
0.809516 0.511615 0 1
0.964881 0.589437 0 1
0.623537 0.64519 0 1
0.217734 0.148444 1 0
0.460825 0.896768 0 1
0.00337757 0.00785265 1 0
0.705771 0.233727 0 1
0.978389 0.789853 0 1
0.199363 0.926829 0 1
0.946122 0.0106696 0 1
0.265782 0.293609 1 0
0.356708 0.74456 0 1
0.455748 0.0630492 1 0
0.941043 0.117042 0 1
0.192327 0.793044 0 1
0.078882 0.00184245 1 0
0.304659 0.0437632 1 0
0.59128 0.928196 0 1
0.688953 0.809013 0 1
0.0766405 0.149778 1 0
0.705781 0.0800181 0 1
0.157631 0.411552 1 0
0.313746 0.13602 1 0
0.201405 0.513108 0 1
0.0628491 0.147527 1 0
0.523778 0.328631 0 1
0.441135 0.880486 0 1
0.0731908 0.896883 0 1
0.943535 0.0142335 0 1
0.0139251 0.135862 1 0
0.807278 0.092807 0 1
0.137704 0.111937 1 0
0.13657 0.728984 0 1
0.0401329 0.825523 0 1
0.537997 0.116773 0 1
0.975301 0.243778 0 1
0.196791 0.132932 1 0
0.65533 0.510537 0 1
0.268952 0.856735 0 1
0.0236453 0.331801 1 0
0.00426188 0.547423 0 1
0.660432 0.445397 0 1
0.427909 0.733623 0 1
0.34228 0.371444 1 0
0.747857 0.356205 0 1
0.507305 0.555134 0 1
0.449012 0.645009 0 1
0.667071 0.585583 0 1
0.373993 0.707204 0 1
0.411106 0.91199 0 1
0.823977 0.386407 0 1
0.155769 0.0207687 1 0
0.519339 0.811099 0 1
0.531306 0.788291 0 1
0.667834 0.554951 0 1
0.120092 0.672096 0 1
0.102374 0.780524 0 1
0.117493 0.530283 0 1
0.514147 0.459773 0 1
0.901727 0.262004 0 1
0.815978 0.409032 0 1
0.817138 0.264991 0 1
0.0540414 0.484209 1 0
0.850573 0.428035 0 1
0.191413 0.261679 1 0
0.340025 0.0153902 1 0
0.648086 0.495794 0 1
0.0361588 0.167425 1 0
0.306893 0.567464 0 1
0.955716 0.974727 0 1
0.122415 0.0758077 1 0
0.646823 0.22479 0 1
0.856332 0.764316 0 1
0.755073 0.370479 0 1
0.224089 0.656799 0 1
0.632483 0.0400674 0 1
0.0658313 0.449621 1 0
0.305058 0.119873 1 0
0.93383 0.155631 0 1
0.547907 0.125243 0 1
0.417311 0.887932 0 1
0.140634 0.0653967 1 0
0.383726 0.176792 1 0
0.232822 0.690619 0 1
0.744257 0.188538 0 1
0.665345 0.866672 0 1
0.264345 0.312168 1 0
0.091462 0.120677 1 0
0.0764836 0.846535 0 1
0.491156 0.300573 1 0
0.503334 0.123639 0 1
0.34064 0.569165 0 1
0.57326 0.645698 0 1
0.689038 0.507091 0 1
0.80133 0.236945 0 1
0.632334 0.21864 0 1
0.124878 0.772968 0 1
0.284037 0.508604 0 1
0.94976 0.516859 0 1
0.199223 0.694017 0 1
0.705396 0.864568 0 1
0.56069 0.969742 0 1
0.176736 0.652152 0 1
0.0904187 0.253219 1 0
0.498686 0.581575 0 1
0.553792 0.0020204 0 1
0.705214 0.894432 0 1
0.571186 0.278474 0 1
0.54013 0.260224 0 1
0.785565 0.341459 0 1
0.497169 0.417899 1 0
0.560099 0.622047 0 1
0.190867 0.844136 0 1
0.130651 0.140627 1 0
0.360995 0.329874 1 0
0.834645 0.0663911 0 1
0.194442 0.395334 1 0
0.0361327 0.371177 1 0
0.0474858 0.126551 1 0
0.624396 0.546172 0 1
0.708126 0.178188 0 1
0.548193 0.41334 0 1
0.0726198 0.119378 1 0
0.691814 0.61275 0 1
0.379602 0.47738 1 0
0.954209 0.876772 0 1
0.895279 0.514308 0 1
0.498819 0.0861458 1 0
0.358445 0.62947 0 1
0.226773 0.719439 0 1
0.959344 0.0614179 0 1
0.785831 0.153786 0 1
0.456752 0.821963 0 1
0.524963 0.504238 0 1
0.948515 0.149359 0 1
0.0504101 0.656641 0 1
0.327547 0.598603 0 1
0.0699812 0.400167 1 0
0.717981 0.761796 0 1
0.0129166 0.0975834 1 0
0.239175 0.967125 0 1
0.974355 0.134454 0 1
0.481434 0.473174 1 0
0.2206 0.839878 0 1
0.102645 0.447373 1 0
0.559318 0.0619885 0 1
0.508791 0.345148 0 1
0.215774 0.965543 0 1
0.167111 0.740737 0 1
0.469781 0.115626 1 0
0.890096 0.520191 0 1
0.772267 0.217643 0 1
0.118794 0.842248 0 1
0.61781 0.836775 0 1
0.604044 0.630727 0 1
0.934358 0.843219 0 1
0.597852 0.908713 0 1
0.977673 0.0792859 0 1
0.381887 0.198273 1 0
0.919164 0.484532 0 1
0.645646 0.478482 0 1
0.54652 0.154437 0 1
0.82363 0.762295 0 1
0.11998 0.990741 0 1
0.503031 0.589761 0 1
0.106368 0.393127 1 0
0.109952 0.878635 0 1
0.610771 0.228746 0 1
0.720883 0.228581 0 1
0.0655204 0.324927 1 0
0.859308 0.999878 0 1
0.168147 0.45716 1 0
0.908592 0.14582 0 1
0.536446 0.290479 0 1
0.344093 0.45561 1 0
0.775011 0.989739 0 1
0.934092 0.321531 0 1
0.144177 0.757722 0 1
0.083826 0.264157 1 0
0.748464 0.586857 0 1
0.853918 0.854831 0 1
0.979985 0.96387 0 1
0.733466 0.590756 0 1
0.192616 0.454349 1 0
0.819337 0.258136 0 1
0.779277 0.678645 0 1
0.258015 0.947423 0 1
0.135805 0.166606 1 0
0.0932435 0.672251 0 1
0.457085 0.437337 1 0
0.127862 0.232096 1 0
0.427076 0.0619538 1 0
0.553628 0.571253 0 1
0.819676 0.637454 0 1
0.83541 0.568139 0 1
0.224311 0.689328 0 1
0.422971 0.204296 1 0
0.653197 0.156437 0 1
0.795052 0.845813 0 1
0.610786 0.614389 0 1
0.103949 0.390063 1 0
0.293033 0.361964 1 0
0.337486 0.428838 1 0
0.52857 0.430729 0 1
0.10109 0.985656 0 1
0.868066 0.228951 0 1
0.217752 0.295142 1 0
0.290905 0.77138 0 1
0.866395 0.110581 0 1
0.408833 0.701805 0 1
0.678721 0.633145 0 1
0.391133 0.101691 1 0
0.837441 0.04433 0 1
0.258128 0.632493 0 1
0.890143 0.868914 0 1
0.246881 0.994092 0 1
0.258976 0.539914 0 1
0.356056 0.596462 0 1
0.968753 0.884627 0 1
0.0271919 0.0698425 1 0
0.870282 0.895258 0 1
0.298794 0.0880339 1 0
0.190401 0.589699 0 1
0.859413 0.0567959 0 1
0.70028 0.268247 0 1
0.758601 0.379001 0 1
0.901391 0.149733 0 1
0.480692 0.738832 0 1
0.194063 0.73882 0 1
0.371325 0.0842065 1 0
0.607734 0.618206 0 1
0.078299 0.86671 0 1
0.15812 0.434355 1 0
0.463172 0.126873 1 0
0.318982 0.490364 1 0
0.196715 0.189264 1 0
0.385622 0.495509 1 0
0.277298 0.576023 0 1
0.0852082 0.136711 1 0
0.632819 0.785488 0 1
0.404958 0.39142 1 0
0.164489 0.30635 1 0
0.541153 0.645181 0 1
0.0451816 0.735216 0 1
0.384001 0.416506 1 0
0.819423 0.991734 0 1
0.0347118 0.897722 0 1
0.858444 0.192832 0 1
0.332077 0.321617 1 0
0.319705 0.651059 0 1
0.811981 0.51642 0 1
0.840323 0.197604 0 1
0.0119295 0.117621 1 0
0.773627 0.0971377 0 1
0.254333 0.406445 1 0
0.882626 0.659291 0 1
0.797865 0.0471149 0 1
0.965641 0.339018 0 1
0.692296 0.0108221 0 1
0.0742344 0.0762963 1 0
0.427328 0.893657 0 1
0.0680306 0.46204 1 0
0.791379 0.926475 0 1
0.654872 0.123457 0 1
0.248092 0.974577 0 1
0.774516 0.0600729 0 1
0.490997 0.614839 0 1
0.257676 0.502927 0 1
0.73246 0.031303 0 1
0.600064 0.986793 0 1
0.437748 0.48269 1 0
0.646084 0.235613 0 1
0.529805 0.611725 0 1
0.574631 0.222101 0 1
0.622547 0.648866 0 1
0.298397 0.0498751 1 0
0.542523 0.366428 0 1
0.511915 0.333902 0 1
0.292903 0.166787 1 0
0.457359 0.540994 0 1
0.141364 0.231875 1 0
0.601067 0.632361 0 1
0.846714 0.858744 0 1
0.135288 0.579174 0 1
0.890047 0.735352 0 1
0.565967 0.327795 0 1
0.218043 0.212052 1 0
0.563409 0.747848 0 1
0.823776 0.13804 0 1
0.969949 0.446323 0 1
0.786906 0.268346 0 1
0.496198 0.329429 1 0
0.634774 0.00811345 0 1
0.663331 0.927676 0 1
0.174901 0.12069 1 0
0.468671 0.316265 1 0
0.352564 0.0697382 1 0
0.948626 0.199278 0 1
0.928482 0.083914 0 1
0.778452 0.818529 0 1
0.819266 0.344419 0 1
0.146324 0.0373088 1 0
0.556471 0.709733 0 1
0.785157 0.380247 0 1
0.847773 0.755105 0 1
0.82657 0.634679 0 1
0.023451 0.322769 1 0
0.964107 0.658225 0 1
0.330882 0.627438 0 1
0.585901 0.505783 0 1
0.748128 0.0545715 0 1
0.822048 0.100692 0 1
0.12431 0.770674 0 1
0.29997 0.0527918 1 0
0.854588 0.0784216 0 1
0.871321 0.673854 0 1
0.422841 0.017645 1 0
0.711163 0.979312 0 1
0.727378 0.496319 0 1
0.359559 0.575151 0 1
0.251425 0.18613 1 0
0.209829 0.274876 1 0
0.508898 0.173937 0 1
0.9331 0.83978 0 1
0.801375 0.519001 0 1
0.345563 0.549503 0 1
0.573572 0.16761 0 1
0.650195 0.697882 0 1
0.938284 0.950164 0 1
0.750674 0.792872 0 1
0.0285858 0.621995 0 1
0.466726 0.451427 1 0
0.63964 0.177889 0 1
0.430739 0.367018 1 0
0.674208 0.790298 0 1
0.942169 0.925633 0 1
0.976428 0.151998 0 1
0.200508 0.485326 1 0
0.325935 0.133608 1 0
0.325106 0.12731 1 0
0.652609 0.670668 0 1
0.676812 0.226182 0 1
0.838279 0.327007 0 1
0.924064 0.776563 0 1
0.277171 0.674738 0 1
0.569435 0.305757 0 1
0.296733 0.0361602 1 0
0.757184 0.936372 0 1
0.214049 0.187923 1 0
0.30339 0.888257 0 1
0.978221 0.245559 0 1
0.813889 0.954648 0 1
0.397556 0.0143974 1 0
0.439974 0.723491 0 1
0.148006 0.765079 0 1
0.850801 0.800615 0 1
0.435748 0.527613 0 1
0.0267968 0.274027 1 0
0.85462 0.950861 0 1
0.0505894 0.131791 1 0
0.625599 0.620024 0 1
0.437548 0.922331 0 1
0.656184 0.194732 0 1
0.858704 0.870233 0 1
0.382654 0.162094 1 0
0.75849 0.360875 0 1
0.407652 0.572379 0 1
0.315523 0.805209 0 1
0.586776 0.755497 0 1
0.5287 0.734782 0 1
0.520576 0.379501 0 1
0.535397 0.956324 0 1
0.907114 0.562194 0 1
0.23035 0.761734 0 1
0.513055 0.28094 0 1
0.893525 0.138653 0 1
0.900964 0.331073 0 1
0.0609845 0.557148 0 1
0.525805 0.919688 0 1
0.427381 0.908459 0 1
0.0817816 0.18587 1 0
0.269334 0.489434 1 0
0.758249 0.584857 0 1
0.294642 0.345026 1 0
0.340353 0.823342 0 1
0.0798076 0.860929 0 1
0.202843 0.615205 0 1
0.817253 0.109956 0 1
0.177399 0.0476035 1 0
0.87169 0.690453 0 1
0.328543 0.765215 0 1
0.829106 0.229507 0 1
0.0962877 0.890091 0 1
0.786655 0.622092 0 1
0.809779 0.214036 0 1
0.530551 0.89156 0 1
0.399906 0.799885 0 1
0.380994 0.158156 1 0
0.384741 0.675637 0 1
0.503181 0.725094 0 1
0.498979 0.582989 0 1
0.586024 0.701821 0 1
0.198194 0.403277 1 0
0.811778 0.375592 0 1
0.45088 0.683468 0 1
0.0660452 0.779423 0 1
0.448683 0.895152 0 1
0.00893062 0.544971 0 1
0.785242 0.795586 0 1
0.167063 0.595021 0 1
0.00962166 0.697614 0 1
0.486582 0.409528 1 0
0.497499 0.867576 0 1
0.567684 0.88224 0 1
0.543212 0.0708648 0 1
0.607334 0.042191 0 1
0.653854 0.193358 0 1
0.744012 0.852047 0 1
0.596634 0.55579 0 1
0.227639 0.0475141 1 0
0.239258 0.293684 1 0
0.826938 0.687941 0 1
0.188836 0.835868 0 1
0.232911 0.974078 0 1
0.631454 0.399974 0 1
0.569099 0.641076 0 1
0.097588 0.055681 1 0
0.0506036 0.595086 0 1
0.923257 0.618287 0 1
0.477326 0.466469 1 0
0.689152 0.0846602 0 1
0.50866 0.343006 0 1
0.278018 0.252673 1 0
0.195053 0.874652 0 1
0.808463 0.422692 0 1
0.922166 0.0477205 0 1
0.716376 0.749104 0 1
0.735661 0.905212 0 1
0.584972 0.968573 0 1
0.87929 0.216426 0 1
0.368547 0.44839 1 0
0.857501 0.466135 0 1
0.504071 0.908105 0 1
0.0612211 0.427327 1 0
0.526392 0.538547 0 1
0.893797 0.215544 0 1
0.623208 0.402457 0 1
0.558549 0.901225 0 1
0.655129 0.753602 0 1
0.775877 0.463592 0 1
0.176294 0.698043 0 1
0.511312 0.89267 0 1
0.447147 0.246974 1 0
0.797882 0.0321184 0 1
0.215546 0.677172 0 1
0.248544 0.584093 0 1
0.125562 0.106045 1 0
0.0502275 0.629633 0 1
0.0141499 0.111449 1 0
0.0569602 0.540542 0 1
0.649996 0.950757 0 1
0.756086 0.273203 0 1
0.353214 0.314635 1 0
0.174429 0.00834283 1 0
0.0682369 0.950306 0 1
0.471935 0.244531 1 0
0.648349 0.983247 0 1
0.137201 0.0954958 1 0
0.230221 0.935083 0 1
0.127614 0.445767 1 0
0.612255 0.376158 0 1
0.02986 0.737817 0 1
0.482203 0.0800874 1 0
0.36745 0.496353 1 0
0.191536 0.42441 1 0
0.036895 0.841532 0 1